27.724
29.043
27.724
29.043
26.414
26.414
30.583
30.583
27.724
29.043
27.724
32.177
29.043
26.414
32.177
30.583
25.094
26.414
25.094
30.583
33.83
33.83
32.177
32.177
25.094
35.526
25.094
27.724
35.526
33.83
29.043
33.83
26.414
27.724
29.043
30.583
8.9766
23.752
8.9766
23.752
35.526
9.4323
8.5091
26.414
9.4323
8.5091
37.225
30.583
35.526
37.225
32.177
9.8776
9.8776
8.0287
25.094
8.9766
8.0287
23.752
9.4323
32.177
8.5091
38.06
8.9766
23.752
37.225
38.06
33.83
9.4323
25.094
8.5091
37.225
9.8776
8.0287
33.83
7.5349
9.8776
7.5349
8.0287
35.526
38.06
38.877
27.724
38.877
29.043
38.06
35.526
26.414
22.385
7.5349
10.745
8.9766
22.385
23.752
30.583
10.745
27.724
9.4323
7.5349
8.5091
29.043
38.877
37.225
7.0272
8.9766
7.0272
23.752
26.414
38.877
9.4323
9.8776
32.177
8.5091
39.669
30.583
22.385
8.0287
39.669
10.745
37.225
25.094
22.385
10.745
38.06
9.8776
7.0272
8.0287
33.83
32.177
7.0272
39.669
38.06
25.094
7.5349
39.669
33.83
35.526
38.877
6.5054
6.5054
7.5349
40.43
40.43
22.385
38.877
10.745
35.526
8.9766
23.752
11.603
9.4323
6.5054
21.005
11.603
8.5091
22.385
7.0272
21.005
10.745
37.225
40.43
6.5054
27.724
29.043
39.669
40.43
9.8776
8.9766
23.752
7.0272
8.0287
9.4323
8.5091
26.414
11.603
37.225
21.005
30.583
39.669
38.06
11.603
21.005
9.8776
27.724
5.9694
29.043
8.0287
41.156
5.9694
41.156
32.177
7.5349
38.06
26.414
30.583
6.5054
25.094
38.877
40.43
5.9694
41.156
33.83
7.5349
6.5054
5.9694
22.385
32.177
10.745
41.156
40.43
11.603
38.877
21.005
25.094
7.0272
35.526
11.603
22.385
33.83
10.745
21.005
39.669
19.631
19.631
12.485
12.485
7.0272
8.9766
23.752
5.4191
41.844
9.4323
35.526
8.5091
39.669
5.4191
41.844
5.9694
37.225
41.156
19.631
12.485
9.8776
19.631
5.9694
8.0287
12.485
41.156
8.9766
23.752
6.5054
5.4191
41.844
9.4323
8.5091
38.06
40.43
37.225
5.4191
41.844
12.947
12.947
9.8776
27.724
6.5054
29.043
8.0287
7.5349
11.603
21.005
40.43
26.414
38.06
38.877
30.583
12.947
19.631
12.485
11.603
12.947
21.005
18.291
22.385
18.291
7.5349
10.745
27.724
42.413
19.631
29.043
32.177
42.413
5.4191
41.844
12.485
13.43
13.43
38.877
7.0272
5.9694
25.094
4.8543
26.414
41.156
4.8543
30.583
5.4191
41.844
39.669
18.291
33.83
22.385
10.745
42.413
18.291
13.43
5.9694
17.589
42.413
41.156
32.177
17.589
4.8543
7.0272
13.43
12.947
13.936
13.936
35.526
25.094
4.8543
39.669
12.947
33.83
17.589
6.5054
16.91
8.9766
16.91
23.752
13.936
17.589
40.43
14.471
19.631
9.4323
8.5091
14.471
12.485
18.291
13.936
37.225
35.526
42.413
16.256
13.43
11.603
9.8776
16.256
15.035
5.4191
41.844
21.005
42.95
18.291
6.5054
16.91
15.035
8.0287
19.631
15.63
42.95
4.8543
12.485
15.63
42.413
40.43
14.471
16.91
13.43
38.06
8.9766
23.752
14.471
9.4323
8.5091
4.8543
5.4191
41.844
16.256
37.225
15.035
11.603
17.589
4.2751
42.95
21.005
4.2751
15.63
16.256
7.5349
9.8776
15.035
13.936
42.95
12.947
8.0287
15.63
5.9694
17.589
41.156
38.877
38.06
13.936
4.2751
12.947
22.385
16.91
10.745
27.724
4.2751
14.471
29.043
7.5349
5.9694
41.156
7.0272
16.91
18.291
26.414
38.877
16.256
42.413
14.471
30.583
15.035
39.669
13.43
42.95
15.63
4.8543
22.385
16.256
10.745
18.291
15.035
42.95
42.413
32.177
19.631
15.63
12.485
13.43
27.724
43.458
29.043
7.0272
43.458
25.094
4.2751
4.8543
17.589
39.669
26.414
5.4191
41.844
33.83
13.936
30.583
4.2751
6.5054
19.631
12.485
40.43
43.458
17.589
43.458
32.177
13.936
35.526
16.91
5.4191
41.844
3.6815
3.6815
11.603
14.471
25.094
21.005
12.947
6.5054
33.83
16.256
16.91
8.9766
23.752
40.43
15.035
42.95
9.4323
14.471
8.5091
15.63
3.6815
37.225
12.947
3.6815
11.603
35.526
16.256
9.8776
21.005
43.458
15.035
8.0287
42.95
5.9694
18.291
41.156
15.63
4.2751
42.413
38.06
13.43
43.458
8.9766
23.752
4.8543
9.4323
8.5091
4.2751
37.225
18.291
7.5349
42.413
43.938
5.9694
43.938
41.156
9.8776
13.43
3.6815
38.877
17.589
8.0287
4.8543
13.936
38.06
3.6815
22.385
10.745
43.938
19.631
12.485
17.589
43.938
7.0272
7.5349
16.91
13.936
14.471
5.4191
41.844
39.669
38.877
43.458
16.256
3.0733
3.0733
15.035
19.631
22.385
42.95
27.724
10.745
12.485
16.91
15.63
29.043
43.458
14.471
26.414
7.0272
5.4191
41.844
12.947
30.583
43.938
3.0733
16.256
39.669
6.5054
15.035
4.2751
42.95
3.6815
3.0733
15.63
40.43
43.938
32.177
25.094
3.6815
11.603
27.724
21.005
12.947
29.043
4.2751
18.291
33.83
42.413
26.414
13.43
6.5054
30.583
44.394
44.394
4.8543
40.43
3.0733
35.526
32.177
18.291
5.9694
11.603
3.0733
41.156
21.005
42.413
17.589
44.394
25.094
13.43
13.936
8.9766
44.394
23.752
43.458
43.938
4.8543
9.4323
33.83
8.5091
37.225
9.8776
16.91
43.938
8.0287
17.589
14.471
35.526
43.458
5.9694
41.156
13.936
38.06
3.6815
16.256
2.4506
15.035
2.4506
19.631
42.95
44.394
8.9766
12.485
15.63
23.752
7.5349
9.4323
8.5091
16.91
3.0733
37.225
44.394
14.471
5.4191
38.877
41.844
3.6815
2.4506
9.8776
4.2751
8.0287
16.256
22.385
2.4506
15.035
3.0733
10.745
42.95
38.06
15.63
19.631
12.485
7.0272
12.947
7.5349
39.669
5.4191
41.844
4.2751
44.831
38.877
44.831
43.938
2.4506
22.385
10.745
44.394
18.291
44.831
2.4506
12.947
42.413
7.0272
43.938
6.5054
13.43
44.831
43.458
40.43
39.669
44.394
4.8543
27.724
29.043
11.603
21.005
3.0733
17.589
26.414
18.291
30.583
42.413
13.936
43.458
13.43
3.6815
44.831
4.8543
6.5054
40.43
32.177
3.0733
16.91
44.831
5.9694
2.4506
25.094
41.156
14.471
1.8134
1.8134
17.589
11.603
21.005
33.83
27.724
3.6815
13.936
29.043
16.256
15.035
2.4506
42.95
15.63
26.414
1.8134
30.583
35.526
16.91
1.8134
44.394
14.471
4.2751
5.9694
32.177
41.156
8.9766
23.752
43.938
16.256
25.094
19.631
9.4323
15.035
8.5091
12.485
42.95
44.394
15.63
37.225
44.831
33.83
9.8776
5.4191
41.844
8.0287
1.8134
44.831
4.2751
38.06
43.938
35.526
1.8134
7.5349
19.631
12.485
12.947
8.9766
3.0733
23.752
2.4506
9.4323
38.877
8.5091
43.458
37.225
5.4191
41.844
22.385
9.8776
10.745
8.0287
2.4506
38.06
3.0733
7.0272
18.291
42.413
39.669
13.43
12.947
3.6815
43.458
4.8543
7.5349
1.8134
38.877
44.831
44.394
17.589
1.8134
1.163
22.385
10.745
13.936
18.291
6.5054
42.413
3.6815
40.43
7.0272
13.43
44.831
1.163
1.163
4.8543
39.669
16.91
44.394
11.603
14.471
21.005
45.667
45.667
17.589
16.256
43.938
15.035
42.95
13.936
15.63
45.667
6.5054
5.9694
2.4506
40.43
41.156
27.724
45.667
16.91
4.2751
29.043
14.471
1.163
1.163
26.414
43.938
11.603
30.583
1.8134
21.005
16.256
15.035
42.95
15.63
3.0733
2.4506
0.877
32.177
0.877
1.8134
0.877
25.094
45.667
4.2751
5.9694
33.83
19.631
41.156
12.485
45.667
44.831
27.724
29.043
3.0733
5.4191
41.844
43.458
35.526
26.414
0.877
0.877
30.583
44.831
8.9766
23.752
44.394
32.177
9.4323
8.5091
12.947
37.225
1.163
1.163
25.094
19.631
0.71231
12.485
3.6815
9.8776
8.0287
33.83
43.458
0.71231
0.71231
45.667
5.4191
41.844
38.06
44.394
18.291
35.526
42.413
45.667
0.877
0.877
7.5349
13.43
4.8543
38.877
1.8134
12.947
3.6815
8.9766
0.71231
23.752
0.71231
9.4323
8.5091
22.385
37.225
10.745
2.4506
17.589
9.8776
13.936
8.0287
7.0272
43.938
1.8134
39.669
38.06
18.291
42.413
13.43
0.56103
16.91
4.8543
14.471
7.5349
2.4506
0.56103
0.56103
38.877
16.256
0.71231
0.71231
15.035
42.95
15.63
17.589
43.938
6.5054
45.667
0.877
44.831
22.385
0.877
10.745
40.43
13.936
3.0733
7.0272
1.163
1.163
4.2751
0.56103
11.603
0.56103
39.669
21.005
45.667
16.91
14.471
44.831
16.256
15.035
42.95
15.63
3.0733
5.9694
41.156
6.5054
40.43
4.2751
44.394
0.42468
0.71231
0.71231
0.56103
0.56103
11.603
21.005
0.42468
0.42468
43.458
1.8134
46.484
46.484
27.724
19.631
29.043
0.877
0.877
12.485
44.394
5.9694
46.484
26.414
41.156
0.42468
0.42468
3.6815
30.583
5.4191
41.844
46.484
1.8134
45.667
43.458
2.4506
32.177
27.724
29.043
25.094
26.414
12.947
33.83
30.583
45.667
0.56103
0.56103
46.484
19.631
12.485
3.6815
32.177
35.526
46.484
0.42468
0.42468
2.4506
0.30469
25.094
5.4191
41.844
0.71231
0.71231
18.291
43.938
1.163
1.163
42.413
33.83
0.30469
0.30469
13.43
8.9766
44.831
23.752
9.4323
8.5091
4.8543
37.225
35.526
9.8776
12.947
8.0287
17.589
38.06
13.936
0.30469
0.30469
8.9766
23.752
9.4323
8.5091
3.0733
43.938
46.484
44.831
37.225
7.5349
0.877
0.877
18.291
16.91
9.8776
42.413
38.877
8.0287
14.471
13.43
46.484
38.06
0.42468
0.42468
4.8543
22.385
16.256
10.745
15.035
42.95
15.63
0.56103
0.56103
7.5349
7.0272
17.589
39.669
1.8134
38.877
0.30469
13.936
0.30469
3.0733
4.2751
45.667
22.385
10.745
44.394
16.91
7.0272
14.471
39.669
0.71231
0.71231
0.189
6.5054
16.256
40.43
15.035
45.667
1.8134
42.95
15.63
0.189
0.189
46.484
11.603
21.005
4.2751
44.394
6.5054
43.458
40.43
46.484
0.189
0.189
2.4506
0.42468
0.42468
0.30469
0.30469
5.9694
11.603
21.005
41.156
3.6815
0.56103
0.56103
1.163
1.163
0.877
0.877
5.9694
41.156
43.458
2.4506
0.189
0.189
44.831
19.631
12.485
5.4191
41.844
3.6815
43.938
19.631
12.485
0.10014
46.484
12.947
44.831
47.319
0.30469
0.30469
5.4191
41.844
0.10014
47.319
0.10014
0.71231
0.71231
45.667
27.724
27.724
29.043
29.043
26.414
26.414
46.484
47.319
30.583
30.583
0.42468
0.42468
18.291
47.319
0.189
0.189
3.0733
12.947
42.413
13.43
1.8134
0.10014
0.10014
32.177
32.177
43.938
4.8543
25.094
25.094
45.667
33.83
33.83
17.589
18.291
42.413
47.319
13.936
13.43
35.526
35.526
4.8543
47.319
1.8134
16.91
0.56103
3.0733
0.56103
44.394
14.471
0.10014
8.9766
8.9766
23.752
23.752
0.10014
17.589
9.4323
9.4323
8.5091
8.5091
37.225
37.225
13.936
16.256
15.035
42.95
9.8776
9.8776
15.63
8.0287
8.0287
16.91
38.06
38.06
0.877
0.877
14.471
4.2751
0.30469
0.30469
0.189
0.189
7.5349
7.5349
16.256
47.319
15.035
42.95
15.63
46.484
38.877
38.877
0.035926
44.394
47.319
2.4506
0.035926
0.035926
22.385
22.385
10.745
10.745
4.2751
7.0272
7.0272
0.10014
0.10014
39.669
39.669
46.484
0.42468
0.42468
0.035926
0.035926
0.71231
0.71231
43.458
1.163
1.163
44.831
6.5054
6.5054
2.4506
40.43
40.43
43.458
3.6815
45.667
11.603
11.603
47.319
21.005
21.005
0.035926
0.035926
47.319
3.6815
0.189
0.189
5.9694
5.9694
41.156
41.156
44.831
0.56103
0.56103
0.10014
0.10014
45.667
0.30469
0.30469
43.938
1.8134
-0.0028033
19.631
19.631
12.485
12.485
-0.0028033
-0.0028033
43.938
0.035926
0.035926
46.484
5.4191
5.4191
41.844
41.844
3.0733
0.877
0.877
1.8134
-0.0028033
-0.0028033
47.319
12.947
12.947
0.42468
0.42468
46.484
3.0733
47.319
18.291
18.291
27.724
29.043
42.413
42.413
13.43
13.43
44.394
26.414
0.10014
0.10014
4.8543
4.8543
30.583
48.196
48.196
-0.0028033
-0.0028033
0.71231
0.71231
0.189
0.189
32.177
17.589
17.589
48.196
0.035926
0.035926
13.936
13.936
25.094
44.394
48.196
27.724
33.83
29.043
16.91
16.91
26.414
30.583
14.471
14.471
35.526
2.4506
16.256
16.256
15.035
15.035
32.177
42.95
42.95
15.63
15.63
0.30469
0.30469
48.196
8.9766
25.094
23.752
9.4323
8.5091
37.225
-0.015608
33.83
48.196
45.667
4.2751
4.2751
-0.0028033
-0.0028033
9.8776
8.0287
0.56103
0.56103
2.4506
-0.015608
-0.015608
38.06
35.526
47.319
1.163
1.163
44.831
7.5349
8.9766
23.752
9.4323
8.5091
38.877
37.225
9.8776
22.385
8.0287
10.745
48.196
45.667
47.319
46.484
38.06
44.831
7.0272
43.458
43.458
-0.015608
-0.015608
0.035926
0.035926
0.10014
39.669
0.10014
48.196
7.5349
38.877
22.385
3.6815
3.6815
10.745
0.42468
0.42468
-0.0028033
-0.0028033
6.5054
46.484
7.0272
40.43
0.877
0.877
1.8134
0.189
0.189
39.669
11.603
21.005
1.8134
48.196
6.5054
-0.015608
-0.015608
40.43
5.9694
43.938
43.938
41.156
11.603
48.196
21.005
0.71231
0.71231
0.30469
0.30469
5.9694
47.319
41.156
19.631
3.0733
3.0733
12.485
5.4191
41.844
0.035926
0.035926
-0.0028033
-0.0028033
47.319
12.947
19.631
0.10014
0.10014
12.485
0.56103
0.56103
5.4191
41.844
44.394
44.394
48.196
-0.015608
-0.015608
18.291
42.413
13.43
4.8543
12.947
48.196
45.667
17.589
46.484
13.936
18.291
42.413
2.4506
2.4506
0.189
0.189
13.43
45.667
16.91
4.8543
14.471
27.724
49.121
29.043
49.121
16.256
0.42468
0.42468
15.035
42.95
17.589
26.414
15.63
30.583
13.936
49.121
46.484
32.177
49.121
4.2751
16.91
-0.0028033
44.831
44.831
-0.0028033
25.094
14.471
33.83
16.256
15.035
42.95
1.163
1.163
15.63
0.035926
0.035926
0.877
0.877
35.526
49.121
47.319
48.196
4.2751
49.121
8.9766
23.752
9.4323
8.5091
-0.015608
-0.015608
37.225
43.458
9.8776
8.0287
48.196
0.30469
0.30469
27.724
38.06
29.043
26.414
47.319
1.8134
1.8134
0.10014
30.583
0.10014
7.5349
3.6815
0.71231
0.71231
38.877
49.121
43.458
32.177
22.385
25.094
10.745
49.121
33.83
7.0272
39.669
3.6815
35.526
43.938
8.9766
23.752
9.4323
8.5091
37.225
6.5054
40.43
9.8776
8.0287
0.56103
0.56103
38.06
-0.0028033
-0.0028033
11.603
21.005
49.121
43.938
7.5349
3.0733
0.189
0.189
38.877
5.9694
49.121
48.196
41.156
22.385
10.745
7.0272
46.484
0.035926
0.035926
39.669
3.0733
48.196
44.394
-0.015608
-0.015608
46.484
19.631
0.42468
0.42468
12.485
45.667
45.667
6.5054
40.43
5.4191
41.844
47.319
11.603
21.005
44.394
12.947
49.121
2.4506
5.9694
41.156
18.291
0.10014
0.10014
42.413
49.121
13.43
47.319
4.8543
2.4506
0.30469
0.30469
17.589
0.877
0.877
19.631
44.831
13.936
12.485
5.4191
41.844
16.91
-0.0028033
14.471
-0.0028033
16.256
15.035
42.95
50.086
12.947
15.63
50.086
44.831
48.196
4.2751
50.086
0.71231
0.71231
50.086
18.291
42.413
13.43
1.8134
4.8543
49.121
17.589
48.196
1.163
50.086
1.163
13.936
0.035926
27.724
0.035926
29.043
50.086
43.458
0.189
0.189
49.121
26.414
16.91
1.8134
30.583
14.471
-0.015608
-0.015608
16.256
32.177
15.035
42.95
0.56103
0.56103
15.63
25.094
3.6815
33.83
4.2751
50.086
35.526
50.086
8.9766
23.752
9.4323
8.5091
37.225
46.484
46.484
9.8776
47.319
8.0287
43.938
38.06
43.458
0.42468
0.42468
7.5349
47.319
38.877
22.385
0.10014
0.10014
10.745
3.0733
3.6815
45.667
50.086
49.121
7.0272
-0.0028033
-0.0028033
39.669
50.086
49.121
48.196
45.667
27.724
6.5054
29.043
40.43
44.394
26.414
43.938
30.583
11.603
21.005
0.30469
0.30469
32.177
25.094
33.83
5.9694
48.196
41.156
3.0733
35.526
2.4506
50.086
8.9766
23.752
9.4323
8.5091
37.225
0.877
0.877
0.035926
0.035926
9.8776
19.631
8.0287
50.086
12.485
38.06
5.4191
41.844
44.394
7.5349
44.831
-0.015608
-0.015608
38.877
12.947
22.385
10.745
0.189
0.189
7.0272
0.71231
0.71231
39.669
49.121
18.291
42.413
2.4506
13.43
51.07
51.07
4.8543
6.5054
51.07
40.43
17.589
1.8134
51.07
13.936
49.121
11.603
21.005
50.086
16.91
44.831
14.471
0.56103
0.56103
16.256
51.07
15.035
42.95
5.9694
15.63
47.319
47.319
41.156
50.086
-0.0028033
-0.0028033
51.07
46.484
4.2751
0.10014
0.10014
48.196
19.631
12.485
5.4191
41.844
46.484
1.8134
51.07
48.196
43.458
0.42468
0.42468
51.07
12.947
1.163
1.163
3.6815
18.291
42.413
13.43
4.8543
45.667
17.589
50.086
13.936
51.07
49.121
43.938
16.91
51.07
14.471
0.30469
0.30469
27.724
0.035926
0.035926
50.086
29.043
16.256
15.035
42.95
15.63
26.414
30.583
4.2751
32.177
3.0733
49.121
25.094
33.83
45.667
35.526
-0.015608
-0.015608
8.9766
23.752
9.4323
8.5091
51.07
43.458
37.225
44.394
9.8776
8.0287
38.06
51.07
0.189
0.189
3.6815
7.5349
38.877
0.877
0.877
22.385
10.745
2.4506
7.0272
-0.0028033
-0.0028033
39.669
50.086
52.05
47.319
43.938
52.05
6.5054
52.05
40.43
48.196
48.196
0.71231
0.71231
44.831
52.05
11.603
21.005
50.086
47.319
3.0733
51.07
52.05
5.9694
41.156
52.05
0.10014
0.10014
46.484
51.07
49.121
0.56103
0.56103
44.394
1.8134
19.631
12.485
49.121
5.4191
41.844
52.05
52.05
27.724
29.043
12.947
26.414
30.583
2.4506
32.177
18.291
25.094
46.484
42.413
0.42468
0.42468
13.43
33.83
4.8543
52.531
52.531
35.526
17.589
44.831
56.245
59.99
0.035926
0.035926
13.936
52.05
52.531
8.9766
23.752
51.07
52.531
9.4323
8.5091
37.225
16.91
50.086
52.05
9.8776
14.471
8.0287
38.06
16.256
15.035
42.95
15.63
52.531
51.07
7.5349
56.245
59.99
56.245
59.99
52.531
38.877
4.2751
45.667
0.30469
22.385
0.30469
10.745
50.086
1.8134
7.0272
39.669
52.531
-0.015608
-0.015608
52.05
43.458
6.5054
40.43
52.531
11.603
21.005
52.05
3.6815
-0.0028033
-0.0028033
48.196
53.002
53.002
5.9694
41.156
53.002
0.189
0.189
53.002
52.531
47.319
48.196
56.245
59.99
56.245
59.99
43.938
49.121
49.121
51.07
19.631
12.485
52.531
1.163
1.163
5.4191
41.844
53.002
53.002
3.0733
45.667
12.947
51.07
52.05
18.291
42.413
52.05
13.43
53.002
4.8543
50.086
0.877
47.319
0.877
44.394
53.002
52.531
17.589
13.936
0.10014
0.10014
53.46
53.46
50.086
16.91
52.531
14.471
53.46
16.256
15.035
42.95
53.46
15.63
46.484
2.4506
0.71231
0.71231
4.2751
27.724
53.002
29.043
26.414
53.46
30.583
53.002
53.46
32.177
25.094
44.831
33.83
52.05
43.458
35.526
0.56103
0.56103
51.07
52.531
53.46
8.9766
23.752
9.4323
0.035926
0.035926
8.5091
3.6815
52.05
37.225
56.245
59.99
56.245
59.99
53.46
9.8776
53.906
8.0287
53.906
38.06
52.531
53.906
1.8134
53.002
7.5349
53.906
51.07
38.877
22.385
10.745
53.002
43.938
7.0272
0.42468
0.42468
53.906
39.669
53.46
53.906
46.484
49.121
3.0733
53.46
6.5054
40.43
48.196
11.603
21.005
54.336
54.336
53.906
49.121
54.336
-0.0028033
-0.0028033
53.906
5.9694
54.336
41.156
44.394
52.531
0.30469
0.30469
52.05
53.002
50.086
50.086
-0.015608
-0.015608
54.336
53.46
52.531
19.631
54.336
12.485
53.002
45.667
52.05
5.4191
41.844
48.196
54.751
2.4506
54.751
53.46
53.906
47.319
54.751
56.245
12.947
54.751
53.906
54.336
18.291
44.831
51.07
54.336
42.413
55.15
13.43
55.15
54.751
4.8543
55.897
0.189
0.189
55.897
54.751
55.15
55.532
17.589
55.532
55.15
51.07
56.245
56.245
13.936
55.897
55.897
55.532
16.91
55.532
14.471
55.15
53.46
16.256
15.035
53.906
42.95
53.002
15.63
54.336
54.751
55.15
1.8134
55.897
55.532
55.897
54.751
4.2751
52.531
54.336
53.906
53.46
55.532
53.002
55.15
52.05
52.531
56.245
59.99
56.245
59.99
55.897
55.15
0.10014
0.10014
43.458
47.319
55.532
55.897
54.751
55.532
27.724
29.043
3.6815
54.751
26.414
54.336
30.583
52.05
32.177
25.094
53.906
54.336
33.83
55.15
56.245
56.245
55.897
46.484
35.526
53.46
43.938
55.15
53.906
55.532
49.121
8.9766
55.897
23.752
45.667
50.086
9.4323
8.5091
37.225
55.532
9.8776
8.0287
0.877
0.877
53.002
53.46
54.751
38.06
3.0733
0.035926
0.035926
7.5349
50.086
38.877
54.751
22.385
10.745
53.002
7.0272
54.336
39.669
52.531
51.07
51.07
55.15
0.71231
0.71231
48.196
44.394
55.897
49.121
55.532
55.15
54.336
6.5054
40.43
55.897
53.906
11.603
55.532
21.005
52.531
1.163
1.163
2.4506
5.9694
0.56103
0.56103
41.156
54.751
52.05
53.906
53.46
-0.0028033
-0.0028033
52.05
54.751
44.831
19.631
12.485
5.4191
41.844
55.15
53.46
55.897
55.532
54.336
12.947
0.42468
0.42468
55.15
53.002
55.897
18.291
48.196
1.8134
55.532
42.413
13.43
54.336
4.8543
46.484
17.589
13.936
53.002
47.319
56.245
56.245
16.91
53.906
14.471
54.751
16.256
0.30469
0.30469
15.035
42.95
15.63
-0.015608
-0.015608
52.531
4.2751
54.751
53.906
55.15
52.531
55.897
55.532
50.086
27.724
29.043
43.458
53.46
55.15
26.414
51.07
30.583
55.897
32.177
54.336
45.667
55.532
25.094
3.6815
33.83
56.245
59.99
56.245
59.99
0.189
0.189
51.07
53.46
35.526
49.121
54.336
8.9766
52.05
52.05
23.752
9.4323
8.5091
37.225
9.8776
43.938
8.0287
50.086
38.06
54.751
7.5349
53.002
38.877
22.385
3.0733
10.745
7.0272
53.906
53.002
39.669
54.751
55.15
0.10014
0.10014
55.897
6.5054
40.43
44.394
55.532
53.906
11.603
21.005
47.319
55.15
55.897
5.9694
41.156
55.532
2.4506
49.121
54.336
48.196
52.531
52.531
19.631
12.485
53.46
5.4191
41.844
44.831
0.035926
0.035926
53.46
54.336
12.947
46.484
18.291
42.413
54.751
13.43
4.8543
17.589
1.8134
13.936
16.91
54.751
14.471
55.15
16.256
15.035
42.95
55.897
15.63
51.07
52.05
53.906
56.245
56.245
55.532
4.2751
53.002
53.002
53.906
55.15
-0.0028033
-0.0028033
52.05
55.897
55.532
50.086
43.458
0.877
0.877
51.07
3.6815
54.336
45.667
54.336
0.71231
0.71231
48.196
43.938
53.46
53.46
52.531
3.0733
54.751
0.56103
0.56103
47.319
52.531
54.751
49.121
50.086
44.394
55.15
55.897
55.532
55.15
55.897
0.42468
0.42468
55.532
2.4506
53.906
53.906
44.831
53.002
-0.015608
-0.015608
0.30469
0.30469
52.05
53.002
46.484
56.245
59.99
56.245
59.99
1.8134
54.336
54.336
51.07
27.724
29.043
26.414
30.583
52.05
32.177
0.189
0.189
25.094
54.751
54.751
53.46
33.83
49.121
35.526
8.9766
23.752
9.4323
8.5091
53.46
37.225
1.163
1.163
9.8776
55.15
55.15
8.0287
38.06
48.196
55.897
55.897
52.531
7.5349
55.532
55.532
45.667
38.877
22.385
10.745
7.0272
39.669
0.10014
0.10014
50.086
51.07
53.906
6.5054
40.43
11.603
21.005
52.531
53.906
5.9694
41.156
47.319
19.631
12.485
53.002
56.245
56.245
5.4191
41.844
54.336
0.035926
0.035926
12.947
54.336
18.291
42.413
13.43
4.8543
17.589
13.936
54.751
53.002
16.91
52.05
14.471
46.484
16.256
15.035
42.95
15.63
54.751
4.2751
55.15
-0.0028033
-0.0028033
53.46
55.897
55.532
50.086
55.15
55.897
43.458
49.121
55.532
3.6815
53.46
43.938
27.724
52.05
51.07
29.043
53.906
52.531
26.414
30.583
32.177
25.094
48.196
3.0733
33.83
35.526
8.9766
23.752
9.4323
8.5091
37.225
9.8776
8.0287
44.394
38.06
53.906
7.5349
54.336
38.877
22.385
10.745
7.0272
39.669
2.4506
47.319
6.5054
53.002
40.43
52.531
11.603
44.831
21.005
54.751
54.336
5.9694
41.156
55.15
55.897
19.631
12.485
1.8134
55.532
5.4191
41.844
0.877
0.877
54.751
51.07
12.947
50.086
18.291
42.413
53.46
13.43
4.8543
0.71231
0.71231
55.15
53.002
17.589
55.897
13.936
55.532
16.91
14.471
52.05
16.256
15.035
42.95
15.63
49.121
4.2751
0.56103
0.56103
45.667
53.906
43.458
0.42468
0.42468
3.6815
48.196
53.46
56.245
59.99
56.245
59.99
43.938
-0.015608
-0.015608
52.531
54.336
0.30469
0.30469
3.0733
53.906
44.394
54.751
52.05
0.189
0.189
2.4506
46.484
55.15
51.07
55.897
55.532
53.002
44.831
54.336
50.086
0.10014
0.10014
1.8134
54.751
56.245
56.245
52.531
49.121
55.15
53.46
55.897
55.532
0.035926
0.035926
45.667
47.319
53.906
53.002
-0.0028033
-0.0028033
52.05
54.336
53.46
51.07
54.751
46.484
50.086
55.15
52.531
55.897
55.532
53.906
48.196
54.336
53.002
54.751
55.15
47.319
55.897
55.532
52.05
53.46
1.163
1.163
51.07
53.906
49.121
52.531
54.336
27.724
29.043
48.196
26.414
30.583
54.751
32.177
25.094
53.002
33.83
35.526
8.9766
23.752
55.15
9.4323
8.5091
37.225
55.897
9.8776
8.0287
55.532
38.06
7.5349
38.877
22.385
10.745
7.0272
52.05
39.669
6.5054
40.43
53.46
11.603
21.005
5.9694
41.156
50.086
19.631
12.485
5.4191
41.844
12.947
53.906
52.531
18.291
42.413
13.43
4.8543
17.589
13.936
16.91
14.471
49.121
16.256
15.035
42.95
15.63
4.2751
54.336
43.458
0.877
0.877
53.002
3.6815
54.751
0.71231
0.71231
43.938
55.15
55.897
55.532
3.0733
0.56103
0.56103
51.07
44.394
53.46
0.42468
0.42468
2.4506
56.245
59.99
56.245
59.99
44.831
-0.015608
-0.015608
0.30469
50.086
0.30469
53.906
1.8134
27.724
29.043
26.414
30.583
0.189
0.189
54.336
32.177
25.094
33.83
35.526
8.9766
23.752
9.4323
8.5091
37.225
9.8776
8.0287
38.06
54.751
45.667
7.5349
38.877
56.245
56.245
22.385
10.745
0.10014
0.10014
52.05
7.0272
39.669
55.15
55.897
55.532
6.5054
40.43
11.603
21.005
5.9694
41.156
19.631
12.485
0.035926
0.035926
5.4191
41.844
51.07
12.947
52.531
18.291
42.413
13.43
4.8543
17.589
13.936
16.91
14.471
46.484
16.256
15.035
42.95
15.63
-0.0028033
-0.0028033
4.2751
43.458
53.002
3.6815
43.938
3.0733
53.46
44.394
52.05
47.319
2.4506
44.831
53.906
1.8134
52.531
54.336
54.751
45.667
55.15
55.897
53.002
55.532
48.196
53.46
46.484
53.906
49.121
54.336
54.751
47.319
55.15
55.897
55.532
50.086
48.196
51.07
49.121
52.05
50.086
52.531
53.002
51.07
53.46
53.906
54.336
54.751
52.05
55.15
55.897
55.532
52.531
53.002
53.46
53.906
54.336
54.751
55.15
55.897
55.532
0.877
0.71231
0.56103
0.42468
0.30469
0.189
0.10014
0.035926
-0.0028033
1.163
-0.015608
56.245
59.99
56.245
56.245
56.245
59.99
-0.015608
-0.0028033
1.163
0.035926
0.10014
0.189
0.30469
0.42468
0.56103
0.71231
0.877
55.532
55.897
55.15
54.751
54.336
53.906
53.46
53.002
52.531
52.05
55.532
55.897
55.15
51.07
54.751
54.336
53.906
53.46
50.086
53.002
52.531
49.121
52.05
48.196
51.07
47.319
50.086
46.484
49.121
45.667
1.8134
44.831
2.4506
48.196
44.394
3.0733
43.938
3.6815
43.458
4.2751
15.63
42.95
15.035
16.256
14.471
16.91
13.936
17.589
4.8543
47.319
13.43
42.413
18.291
12.947
41.844
5.4191
12.485
19.631
41.156
5.9694
21.005
11.603
40.43
6.5054
39.669
7.0272
10.745
22.385
38.877
7.5349
38.06
8.0287
9.8776
37.225
8.5091
9.4323
23.752
8.9766
35.526
33.83
25.094
32.177
46.484
30.583
26.414
29.043
27.724
45.667
1.8134
44.831
2.4506
44.394
3.0733
43.938
3.6815
43.458
4.2751
15.63
42.95
15.035
16.256
14.471
16.91
13.936
17.589
4.8543
13.43
42.413
18.291
12.947
41.844
5.4191
12.485
19.631
41.156
5.9694
21.005
11.603
40.43
6.5054
55.532
55.532
55.897
55.897
39.669
7.0272
55.15
55.15
10.745
22.385
38.877
7.5349
38.06
8.0287
9.8776
54.751
54.751
37.225
8.5091
9.4323
23.752
8.9766
35.526
33.83
25.094
32.177
30.583
26.414
54.336
54.336
29.043
27.724
53.906
53.906
53.46
53.46
53.002
53.002
52.531
52.531
52.05
52.05
51.07
51.07
50.086
50.086
55.532
55.897
55.15
54.751
55.532
55.897
54.336
55.15
-0.0028033
-0.0028033
54.751
53.906
54.336
0.035926
0.035926
49.121
49.121
53.46
53.906
0.10014
0.10014
56.245
56.245
53.46
53.002
0.189
0.189
0.30469
0.30469
53.002
-0.015608
-0.015608
52.531
56.245
59.99
56.245
59.99
0.42468
0.42468
48.196
48.196
0.56103
0.56103
52.531
52.05
0.71231
0.71231
0.877
0.877
52.05
55.532
55.897
55.15
47.319
47.319
54.751
54.336
55.532
55.897
55.15
51.07
53.906
54.751
54.336
46.484
46.484
51.07
53.46
53.906
53.002
53.46
50.086
45.667
45.667
1.163
1.163
52.531
53.002
50.086
55.532
55.897
1.8134
1.8134
55.15
54.751
44.831
44.831
52.05
52.531
2.4506
2.4506
54.336
44.394
44.394
55.532
55.897
49.121
55.15
3.0733
3.0733
53.906
43.938
43.938
54.751
52.05
3.6815
3.6815
43.458
43.458
54.336
49.121
53.46
-0.0028033
-0.0028033
4.2751
4.2751
15.63
15.63
42.95
42.95
15.035
15.035
16.256
16.256
14.471
14.471
16.91
16.91
13.936
13.936
17.589
17.589
53.906
4.8543
4.8543
13.43
13.43
42.413
42.413
18.291
18.291
51.07
12.947
12.947
53.002
41.844
41.844
5.4191
5.4191
0.035926
0.035926
12.485
12.485
19.631
19.631
55.532
41.156
41.156
48.196
5.9694
5.9694
55.897
53.46
55.15
21.005
21.005
11.603
11.603
40.43
40.43
56.245
56.245
6.5054
6.5054
54.751
39.669
39.669
0.10014
0.10014
7.0272
7.0272
10.745
10.745
22.385
51.07
22.385
38.877
38.877
52.531
7.5349
7.5349
38.06
38.06
8.0287
8.0287
9.8776
9.8776
48.196
37.225
37.225
8.5091
8.5091
9.4323
9.4323
23.752
23.752
8.9766
54.336
8.9766
53.002
35.526
35.526
33.83
33.83
25.094
25.094
32.177
32.177
0.189
0.189
30.583
30.583
26.414
26.414
29.043
29.043
27.724
27.724
55.532
55.897
55.15
53.906
52.05
54.751
50.086
0.30469
0.30469
52.531
-0.015608
-0.015608
47.319
56.245
59.99
56.245
59.99
54.336
53.46
0.42468
0.42468
55.532
0.56103
0.56103
47.319
53.906
55.897
50.086
55.15
52.05
53.002
0.71231
0.71231
54.751
0.877
0.877
53.46
54.336
46.484
51.07
49.121
52.531
55.532
55.897
55.15
53.906
53.002
54.751
46.484
54.336
53.46
49.121
55.532
51.07
52.05
55.897
55.15
45.667
52.531
54.751
53.906
-0.0028033
-0.0028033
53.002
54.336
48.196
45.667
50.086
1.8134
53.46
52.05
55.532
55.897
55.15
53.906
0.035926
0.035926
44.831
56.245
56.245
54.751
52.531
2.4506
55.532
1.8134
55.897
55.15
48.196
53.002
44.394
54.336
51.07
53.46
50.086
0.10014
0.10014
44.831
54.751
3.0733
2.4506
1.163
1.163
43.938
52.05
54.336
53.906
44.394
47.319
3.6815
0.189
0.189
52.531
53.002
43.458
3.0733
55.532
49.121
55.897
55.15
4.2751
53.906
43.938
56.245
59.99
56.245
59.99
51.07
15.63
42.95
15.035
16.256
53.46
55.532
14.471
0.30469
0.30469
16.91
55.897
-0.015608
-0.015608
54.751
55.15
13.936
3.6815
17.589
4.8543
13.43
42.413
43.458
18.291
54.751
47.319
52.531
12.947
52.05
0.42468
0.42468
54.336
53.46
41.844
5.4191
4.2751
12.485
19.631
15.63
42.95
15.035
16.256
14.471
16.91
53.002
50.086
54.336
49.121
41.156
5.9694
13.936
17.589
0.56103
0.56103
4.8543
21.005
13.43
11.603
42.413
18.291
46.484
40.43
53.906
6.5054
12.947
55.532
55.897
39.669
0.71231
0.71231
51.07
7.0272
41.844
5.4191
55.15
55.532
10.745
22.385
53.002
12.485
19.631
52.05
55.897
38.877
53.906
7.5349
55.15
38.06
8.0287
9.8776
41.156
54.751
5.9694
0.877
0.877
37.225
8.5091
9.4323
23.752
8.9766
48.196
52.531
35.526
54.751
21.005
11.603
53.46
33.83
40.43
6.5054
-0.0028033
-0.0028033
25.094
32.177
30.583
26.414
39.669
29.043
56.245
56.245
50.086
27.724
54.336
7.0272
46.484
10.745
22.385
53.46
38.877
54.336
7.5349
52.531
38.06
8.0287
9.8776
37.225
8.5091
9.4323
23.752
8.9766
35.526
55.532
55.532
45.667
51.07
33.83
55.897
55.897
25.094
0.035926
0.035926
53.002
53.906
55.15
55.15
32.177
52.05
30.583
26.414
53.906
29.043
27.724
48.196
49.121
54.751
54.751
53.002
52.05
0.10014
0.10014
53.46
54.336
54.336
1.8134
50.086
51.07
53.46
52.531
55.532
47.319
45.667
55.897
55.532
55.15
55.897
55.15
44.831
52.531
54.751
53.906
53.906
0.189
0.189
56.245
59.99
56.245
59.99
54.751
2.4506
49.121
53.002
53.002
44.394
54.336
55.532
1.8134
55.897
54.336
52.05
55.15
-0.015608
-0.015608
55.532
0.30469
0.30469
3.0733
55.897
53.46
53.46
56.245
56.245
55.15
50.086
47.319
51.07
54.751
44.831
43.938
52.05
48.196
53.906
54.751
0.42468
0.42468
53.906
2.4506
52.531
3.6815
55.532
55.897
46.484
52.531
54.336
55.15
43.458
51.07
-0.0028033
-0.0028033
55.532
44.394
55.897
54.336
55.15
53.002
53.002
0.56103
0.56103
54.751
49.121
4.2751
1.163
1.163
50.086
3.0733
15.63
42.95
53.46
15.035
16.256
14.471
16.91
54.751
55.532
53.46
55.897
53.906
13.936
0.71231
0.71231
43.938
17.589
55.15
4.8543
54.336
13.43
53.906
42.413
55.532
18.291
52.05
55.897
0.035926
0.035926
55.15
3.6815
48.196
12.947
54.751
0.877
0.877
52.05
54.336
55.532
41.844
5.4191
43.458
55.897
12.485
19.631
46.484
52.531
52.531
55.15
56.245
56.245
54.751
53.002
55.532
53.46
53.906
55.897
51.07
41.156
5.9694
53.002
4.2751
54.336
55.15
54.751
15.63
45.667
55.532
42.95
15.035
16.256
53.46
21.005
11.603
55.897
14.471
47.319
53.906
16.91
49.121
0.10014
0.10014
55.15
40.43
56.245
59.99
56.245
59.99
6.5054
54.336
13.936
50.086
17.589
51.07
55.532
54.751
55.897
4.8543
39.669
55.532
13.43
55.15
7.0272
42.413
18.291
55.897
10.745
22.385
54.751
54.336
55.15
38.877
7.5349
55.532
53.906
12.947
55.532
55.897
38.06
53.46
55.897
8.0287
55.15
9.8776
54.751
41.844
5.4191
37.225
55.15
55.532
53.002
54.336
52.05
52.05
8.5091
55.532
9.4323
56.245
56.245
12.485
23.752
8.9766
19.631
52.531
55.565
54.751
55.897
55.897
53.906
0.189
0.189
35.526
50.086
55.15
55.15
53.46
52.531
55.984
55.996
56.008
56.021
56.033
54.336
53.002
56.045
55.122
56.056
48.196
56.068
33.83
1.8134
56.08
56.092
56.104
56.116
54.751
56.128
25.094
56.14
56.151
41.156
56.163
5.9694
56.175
54.751
32.177
56.187
56.198
56.21
56.222
56.234
56.245
53.906
30.583
26.414
49.121
54.751
54.336
29.043
54.751
21.005
27.724
11.603
40.43
54.336
45.667
6.5054
54.658
53.46
-0.015608
53.906
-0.015608
44.831
47.319
39.669
54.336
0.30469
0.30469
7.0272
54.336
53.002
10.745
53.906
22.385
51.07
-0.0028033
-0.0028033
53.46
38.877
54.336
2.4506
54.336
7.5349
52.531
51.07
38.06
53.002
8.0287
9.8776
53.906
52.05
37.225
8.5091
9.4323
23.752
8.9766
53.46
53.906
52.531
46.484
54.172
52.05
44.394
35.526
0.42468
0.42468
33.83
53.906
25.094
53.906
53.46
32.177
50.086
53.002
1.8134
30.583
26.414
3.0733
53.906
53.906
29.043
27.724
48.196
53.46
56.245
59.99
56.245
59.99
0.035926
0.035926
53.002
0.56103
0.56103
49.121
43.938
52.531
50.086
53.46
44.831
53.46
53.665
52.531
53.002
52.05
3.6815
53.46
0.71231
0.71231
2.4506
53.46
47.319
52.05
43.458
51.07
51.07
53.002
53.46
53.46
49.121
0.10014
0.10014
52.531
53.002
44.394
0.877
0.877
46.484
4.2751
48.196
15.63
42.95
15.035
16.256
52.531
53.002
14.471
16.91
45.667
3.0733
53.002
52.05
13.936
17.589
1.163
1.163
53.139
4.8543
52.531
53.002
13.43
43.938
56.245
59.99
56.245
59.99
42.413
18.291
53.002
52.05
0.189
0.189
50.086
53.002
53.002
12.947
52.531
50.086
-0.0028033
-0.0028033
3.6815
51.07
41.844
5.4191
12.485
19.631
51.07
52.531
43.458
52.05
-0.015608
-0.015608
47.319
41.156
5.9694
52.531
1.8134
49.121
0.30469
52.05
0.30469
52.531
4.2751
21.005
11.603
56.245
59.99
56.245
59.99
40.43
15.63
42.95
48.196
15.035
6.5054
16.256
52.531
14.471
46.484
16.91
52.531
52.05
52.597
49.121
45.667
39.669
13.936
0.035926
0.035926
56.245
59.99
44.831
7.0272
17.589
52.531
52.531
10.745
22.385
4.8543
38.877
13.43
51.07
0.42468
0.42468
42.413
7.5349
18.291
52.05
38.06
2.4506
8.0287
9.8776
12.947
51.07
37.225
8.5091
9.4323
52.05
23.752
8.9766
50.086
50.086
48.196
47.319
41.844
5.4191
35.526
12.485
19.631
33.83
44.394
0.56103
0.56103
52.05
25.094
32.177
52.05
30.583
0.10014
0.10014
26.414
41.156
5.9694
29.043
27.724
3.0733
52.05
1.8134
51.07
21.005
11.603
52.05
0.71231
0.71231
40.43
6.5054
52.05
52.05
43.938
52.041
51.07
39.669
-0.0028033
-0.0028033
46.484
7.0272
49.121
10.745
22.385
44.831
0.877
0.877
38.877
7.5349
49.121
3.6815
0.189
0.189
45.667
38.06
50.086
8.0287
9.8776
37.225
2.4506
43.458
51.07
8.5091
50.086
9.4323
23.752
8.9766
-0.015608
-0.015608
35.526
48.196
47.319
33.83
51.07
25.094
32.177
44.394
4.2751
30.583
26.414
15.63
42.95
15.035
16.256
29.043
0.035926
0.035926
27.724
0.30469
0.30469
14.471
48.196
16.91
51.07
3.0733
13.936
46.484
17.589
4.8543
13.43
42.413
1.8134
18.291
47.319
51.07
51.475
50.086
43.938
1.163
1.163
12.947
51.07
0.42468
0.42468
50.086
49.121
49.121
41.844
5.4191
3.6815
12.485
19.631
0.10014
0.10014
45.667
44.831
51.07
43.458
51.07
-0.0028033
-0.0028033
41.156
5.9694
0.56103
0.56103
2.4506
51.07
21.005
11.603
51.07
50.086
4.2751
40.43
6.5054
51.07
51.07
15.63
42.95
15.035
16.256
44.394
14.471
48.196
16.91
39.669
0.71231
0.71231
50.086
7.0272
0.189
0.189
13.936
10.745
22.385
17.589
48.196
46.484
38.877
-0.015608
-0.015608
7.5349
4.8543
13.43
42.413
3.0733
18.291
38.06
50.904
47.319
1.8134
49.121
8.0287
9.8776
0.035926
0.035926
0.877
45.667
0.877
37.225
8.5091
9.4323
23.752
8.9766
12.947
49.121
50.086
43.938
35.526
41.844
5.4191
33.83
12.485
19.631
25.094
47.319
32.177
0.30469
0.30469
50.086
44.831
30.583
46.484
26.414
3.6815
29.043
27.724
41.156
5.9694
43.458
2.4506
50.086
-0.0028033
-0.0028033
21.005
11.603
0.10014
0.10014
40.43
6.5054
0.42468
0.42468
49.121
50.086
4.2751
1.8134
44.394
39.669
7.0272
15.63
48.196
48.196
42.95
15.035
16.256
10.745
22.385
49.121
50.086
14.471
38.877
16.91
7.5349
13.936
38.06
3.0733
17.589
8.0287
9.8776
0.56103
0.56103
50.086
37.225
4.8543
8.5091
44.831
9.4323
45.667
-0.015608
-0.015608
23.752
13.43
8.9766
42.413
18.291
50.086
0.189
0.189
35.526
0.035926
0.035926
43.938
1.163
1.163
33.83
12.947
25.094
47.319
50.086
2.4506
32.177
50.086
49.121
0.71231
41.844
5.4191
0.71231
30.583
26.414
46.484
47.319
12.485
19.631
29.043
27.724
3.6815
50.086
50.086
49.121
-0.0028033
-0.0028033
44.394
43.458
45.667
41.156
5.9694
0.877
0.877
0.30469
0.30469
46.484
48.196
21.005
11.603
48.196
0.10014
0.10014
3.0733
40.43
4.2751
6.5054
1.8134
49.121
15.63
42.95
15.035
16.256
14.471
39.669
43.938
16.91
7.0272
10.745
22.385
13.936
0.42468
0.42468
49.768
17.589
49.121
38.877
-0.015608
-0.015608
7.5349
4.8543
44.831
13.43
38.06
0.035926
0.035926
42.413
18.291
8.0287
3.6815
9.8776
37.225
8.5091
9.4323
23.752
8.9766
49.121
12.947
0.189
1.8134
0.189
43.458
35.526
2.4506
47.319
47.319
-0.0028033
-0.0028033
48.196
0.56103
33.83
0.56103
41.844
5.4191
25.094
12.485
19.631
32.177
49.121
30.583
48.196
26.414
4.2751
29.043
27.724
44.394
45.667
44.831
49.121
15.63
41.156
42.95
5.9694
15.035
16.256
46.484
14.471
0.71231
0.71231
16.91
0.10014
0.10014
21.005
11.603
46.484
13.936
0.30469
0.30469
49.121
3.0733
17.589
2.4506
40.43
6.5054
-0.015608
-0.015608
45.667
49.121
4.8543
13.43
42.413
18.291
0.877
39.669
0.877
0.035926
0.035926
48.196
1.163
43.938
1.163
7.0272
49.121
10.745
12.947
22.385
49.121
44.394
-0.0028033
-0.0028033
38.877
7.5349
41.844
5.4191
49.121
49.121
48.196
0.42468
0.42468
38.06
47.319
12.485
19.631
8.0287
3.6815
9.8776
37.225
0.189
0.189
8.5091
9.4323
47.319
3.0733
23.752
8.9766
1.8134
43.458
35.526
41.156
5.9694
33.83
25.094
43.938
-0.015608
-0.015608
32.177
48.196
21.005
11.603
0.56103
0.56103
30.583
0.10014
0.10014
26.414
40.43
1.8134
4.2751
6.5054
29.043
27.724
44.831
-0.0028033
-0.0028033
15.63
42.95
15.035
0.035926
0.035926
16.256
48.196
3.6815
39.669
14.471
46.484
46.484
16.91
7.0272
0.30469
0.30469
10.745
22.385
13.936
43.458
0.71231
2.4506
0.71231
17.589
38.877
45.667
7.5349
47.319
44.831
4.8543
48.196
13.43
38.06
42.413
-0.015608
-0.015608
18.291
8.0287
45.667
9.8776
48.667
37.225
8.5091
9.4323
23.752
47.319
8.9766
4.2751
12.947
44.394
0.189
0.189
0.877
0.877
2.4506
35.526
48.196
-0.0028033
-0.0028033
15.63
42.95
0.42468
0.42468
15.035
16.256
33.83
41.844
5.4191
14.471
25.094
16.91
12.485
19.631
32.177
48.196
0.10014
0.10014
0.035926
0.035926
-0.015608
-0.015608
13.936
30.583
3.0733
26.414
17.589
44.394
29.043
27.724
4.8543
13.43
41.156
42.413
5.9694
1.163
48.196
18.291
1.163
-0.015608
-0.015608
43.938
0.56103
0.56103
47.319
48.196
-0.0028033
-0.0028033
-0.015608
21.005
11.603
12.947
46.484
3.0733
1.8134
0.30469
0.30469
40.43
6.5054
46.484
48.196
41.844
5.4191
47.319
1.8134
48.196
12.485
19.631
3.6815
0.035926
0.035926
43.938
39.669
7.0272
0.189
0.189
48.196
0.71231
48.196
0.71231
-0.0028033
-0.0028033
10.745
22.385
0.10014
0.10014
43.458
38.877
41.156
44.831
5.9694
7.5349
45.667
45.667
38.06
0.42468
0.42468
3.6815
8.0287
44.831
47.319
9.8776
-0.0028033
21.005
-0.0028033
11.603
37.225
8.5091
9.4323
0.877
0.877
23.752
8.9766
40.43
4.2751
6.5054
2.4506
43.458
0.035926
0.035926
35.526
-0.0028033
-0.0028033
15.63
42.95
15.035
16.256
47.319
33.83
2.4506
14.471
39.669
16.91
25.094
7.0272
46.484
32.177
0.30469
0.30469
10.745
22.385
13.936
0.56103
0.56103
0.10014
0.10014
30.583
17.589
44.394
26.414
38.877
4.2751
0.189
0.189
29.043
7.5349
27.724
4.8543
46.484
15.63
0.035926
13.43
47.319
0.035926
42.95
15.035
42.413
38.06
16.256
44.394
18.291
8.0287
9.8776
14.471
16.91
37.225
8.5091
9.4323
23.752
8.9766
3.0733
12.947
13.936
17.589
0.020863
35.526
1.163
1.163
0.71231
0.71231
47.319
0.035926
0.035926
1.8134
1.8134
0.42468
0.42468
4.8543
41.844
5.4191
3.0733
33.83
13.43
0.10014
0.10014
42.413
25.094
12.485
18.291
19.631
43.938
32.177
45.667
0.035926
0.035926
47.319
30.583
26.414
47.627
12.947
45.667
0.189
0.189
29.043
43.938
27.724
0.30469
0.30469
46.484
0.877
0.877
41.156
5.9694
47.319
41.844
5.4191
44.831
44.831
3.6815
12.485
0.10014
19.631
0.10014
0.56103
0.56103
47.319
21.005
11.603
46.484
3.6815
40.43
43.458
6.5054
2.4506
2.4506
47.319
41.156
5.9694
47.319
0.10014
0.10014
43.458
0.189
0.189
39.669
0.42468
0.42468
7.0272
47.319
21.005
11.603
47.319
10.745
0.71231
22.385
0.71231
0.10014
0.10014
4.2751
0.30469
0.30469
40.43
38.877
46.484
6.5054
7.5349
44.394
44.394
15.63
42.95
15.035
16.256
4.2751
38.06
45.667
1.8134
14.471
8.0287
16.91
9.8776
39.669
0.189
15.63
0.189
37.225
42.95
15.035
8.5091
7.0272
9.4323
1.8134
16.256
23.752
8.9766
0.12894
13.936
46.484
0.877
10.745
0.877
1.163
1.163
22.385
17.589
14.471
0.56103
0.56103
45.667
16.91
35.526
3.0733
3.0733
38.877
4.8543
7.5349
13.936
13.43
42.413
33.83
17.589
18.291
0.30469
38.06
0.30469
0.42468
0.42468
25.094
0.189
0.189
8.0287
32.177
9.8776
4.8543
44.831
46.484
37.225
13.43
43.938
43.938
8.5091
42.413
9.4323
30.583
12.947
18.291
23.752
8.9766
26.414
0.189
0.189
44.831
29.043
27.724
35.526
0.71231
0.71231
41.844
5.4191
12.947
33.83
12.485
46.484
2.4506
19.631
25.094
0.30469
0.30469
32.177
3.6815
3.6815
41.844
5.4191
45.667
2.4506
0.56103
0.56103
30.583
12.485
19.631
26.414
0.42468
0.42468
46.484
29.043
27.724
41.156
0.877
0.877
43.458
43.458
1.8134
5.9694
0.30469
0.30469
44.394
45.667
41.156
5.9694
21.005
11.603
46.484
44.394
1.8134
0.30469
0.30469
40.43
1.163
1.163
6.5054
46.484
0.71231
0.71231
0.30469
0.42468
21.005
0.42468
4.2751
4.2751
11.603
46.647
3.0733
0.56103
0.56103
40.43
15.63
15.63
6.5054
44.831
42.95
42.95
15.035
15.035
16.256
16.256
39.669
46.484
7.0272
3.0733
14.471
14.471
46.484
16.91
16.91
45.667
10.745
22.385
0.42468
0.42468
39.669
38.877
44.831
43.938
13.936
13.936
0.877
0.877
7.0272
7.5349
17.589
17.589
46.484
46.484
10.745
22.385
2.4506
43.938
38.06
4.8543
4.8543
0.42468
38.877
0.42468
8.0287
13.43
13.43
0.56103
0.56103
9.8776
42.413
42.413
0.71231
45.667
0.71231
7.5349
1.8134
18.291
18.291
37.225
8.5091
9.4323
23.752
8.9766
38.06
2.4506
8.0287
3.6815
9.8776
35.526
12.947
12.947
37.225
8.5091
9.4323
23.752
44.394
8.9766
3.6815
1.8134
33.83
0.56103
0.56103
1.163
1.163
45.667
25.094
43.458
35.526
41.844
41.844
5.4191
5.4191
32.177
0.877
0.877
12.485
12.485
19.631
19.631
0.71231
0.71231
33.83
43.458
44.394
30.583
0.5417
0.56103
0.56103
44.831
26.414
25.094
29.043
27.724
32.177
3.0733
45.667
30.583
26.414
4.2751
41.156
41.156
29.043
5.9694
5.9694
27.724
0.71231
44.831
0.71231
1.8134
2.4506
15.63
3.0733
42.95
4.2751
15.035
0.877
45.667
16.256
0.877
43.938
21.005
21.005
11.603
11.603
14.471
15.63
16.91
0.71231
0.71231
42.95
15.035
16.256
40.43
40.43
6.5054
6.5054
1.163
1.163
14.471
13.936
16.91
2.4506
1.8134
43.938
17.589
45.667
0.877
0.877
44.394
13.936
4.8543
17.589
3.6815
39.669
39.669
13.43
45.667
42.413
44.831
7.0272
7.0272
18.291
0.83133
4.8543
10.745
10.745
22.385
22.385
0.877
0.877
13.43
42.413
18.291
38.877
38.877
43.458
1.8134
3.6815
12.947
44.394
7.5349
7.5349
45.667
3.0733
45.667
1.163
1.163
38.06
38.06
44.831
12.947
2.4506
8.0287
8.0287
9.8776
9.8776
41.844
5.4191
43.458
37.225
37.225
45.7
45.667
8.5091
8.5091
12.485
45.667
9.4323
9.4323
19.631
23.752
23.752
8.9766
8.9766
1.8134
41.844
5.4191
4.2751
43.938
3.0733
12.485
35.526
35.526
19.631
1.163
1.163
2.4506
15.63
44.831
42.95
15.035
33.83
33.83
16.256
1.163
1.8134
44.394
41.156
25.094
25.094
5.9694
14.471
4.2751
32.177
32.177
16.91
43.938
41.156
5.9694
30.583
30.583
15.63
42.95
26.414
26.414
13.936
15.035
16.256
3.6815
21.005
17.589
11.603
29.043
29.043
27.724
27.724
44.831
1.8134
14.471
2.4506
16.91
44.394
40.43
4.8543
6.5054
21.005
3.0733
11.603
13.43
1.8134
42.413
43.458
13.936
18.291
40.43
17.589
6.5054
44.831
3.6815
39.669
4.8543
2.4506
12.947
13.43
7.0272
42.413
1.8134
43.938
18.291
44.394
10.745
3.0733
22.385
1.8134
43.458
39.669
45.222
7.0272
38.877
44.831
41.844
5.4191
4.2751
10.745
7.5349
22.385
2.4506
12.947
1.8134
12.485
1.8134
19.631
38.877
38.06
44.831
15.63
42.95
15.035
7.5349
16.256
8.0287
43.938
9.8776
44.394
41.844
5.4191
14.471
37.225
3.6815
3.0733
38.06
8.5091
16.91
9.4323
23.752
8.9766
4.2751
12.485
8.0287
19.631
9.8776
2.4506
44.831
37.225
41.156
13.936
5.9694
1.9969
8.5091
35.526
9.4323
15.63
17.589
44.831
23.752
8.9766
42.95
44.394
15.035
43.458
16.256
2.4506
33.83
14.471
4.8543
35.526
43.938
16.91
3.6815
25.094
13.43
3.0733
21.005
44.831
11.603
42.413
44.831
41.156
32.177
18.291
5.9694
33.83
13.936
40.43
2.4506
25.094
17.589
6.5054
30.583
44.394
26.414
32.177
2.4506
43.458
29.043
3.0733
12.947
27.724
21.005
11.603
4.8543
44.73
4.2751
30.583
44.394
43.938
13.43
26.414
42.413
18.291
40.43
2.4506
3.6815
29.043
39.669
2.4506
27.724
6.5054
15.63
42.95
7.0272
15.035
41.844
5.4191
16.256
10.745
22.385
12.485
14.471
19.631
43.938
16.91
12.947
3.0733
44.394
38.877
43.458
44.394
4.2751
39.669
7.5349
13.936
7.0272
3.0733
17.589
3.6815
15.63
10.745
38.06
41.844
5.4191
22.385
42.95
15.035
16.256
44.394
8.0287
44.394
9.8776
12.485
38.877
41.156
4.8543
19.631
5.9694
14.471
43.938
37.225
13.43
7.5349
8.5091
16.91
9.4323
42.413
2.8069
23.752
8.9766
18.291
43.458
3.0733
3.6815
38.06
43.938
3.0733
4.2751
13.936
35.526
8.0287
21.005
17.589
11.603
9.8776
37.225
12.947
15.63
8.5091
42.95
41.156
9.4323
44.217
15.035
5.9694
40.43
33.83
23.752
8.9766
16.256
43.458
4.8543
3.0733
6.5054
3.0733
13.43
25.094
42.413
14.471
43.938
18.291
3.6815
32.177
16.91
35.526
43.938
41.844
5.4191
4.2751
21.005
11.603
30.583
12.485
26.414
13.936
3.6815
19.631
33.83
39.669
17.589
29.043
12.947
25.094
27.724
15.63
40.43
7.0272
42.95
43.938
43.458
15.035
43.938
6.5054
16.256
32.177
10.745
22.385
4.8543
14.471
4.2751
13.43
16.91
43.458
30.583
42.413
38.877
26.414
18.291
41.844
5.4191
3.6815
7.5349
29.043
15.63
41.156
27.724
3.6815
5.9694
42.95
12.485
39.669
15.035
13.936
19.631
16.256
7.0272
17.589
38.06
14.471
8.0287
12.947
10.745
9.8776
22.385
16.91
3.5929
43.458
3.6815
4.8543
4.2751
3.6815
37.225
43.676
21.005
8.5091
43.458
38.877
11.603
9.4323
13.43
23.752
42.413
8.9766
13.936
18.291
7.5349
15.63
17.589
4.2751
40.43
42.95
41.844
5.4191
15.035
41.156
16.256
5.9694
6.5054
35.526
38.06
43.458
12.485
43.458
19.631
14.471
4.8543
8.0287
15.63
9.8776
16.91
42.95
15.035
13.43
12.947
16.256
33.83
42.413
37.225
18.291
8.5091
9.4323
25.094
21.005
14.471
23.752
8.9766
11.603
4.2751
13.936
39.669
16.91
32.177
17.589
7.0272
4.2751
40.43
41.844
5.4191
35.526
6.5054
15.63
10.745
30.583
13.936
22.385
42.95
12.947
41.156
15.035
26.414
5.9694
4.8543
16.256
12.485
17.589
19.631
15.63
42.95
29.043
15.035
13.43
38.877
27.724
16.256
33.83
42.413
4.2751
14.471
4.2751
18.291
16.91
7.5349
25.094
43.1
4.8543
14.471
16.91
41.844
5.4191
32.177
13.43
39.669
15.63
42.413
21.005
15.63
42.95
38.06
11.603
15.035
42.95
4.3551
18.291
13.936
15.035
16.256
7.0272
12.485
16.256
19.631
8.0287
17.589
15.779
30.583
9.8776
12.947
13.936
15.011
26.414
10.745
14.471
40.43
22.385
14.471
41.156
17.589
37.225
5.9694
16.91
6.5054
29.043
16.91
8.5091
16.596
9.4323
27.724
23.752
4.8543
8.9766
38.877
12.947
14.294
13.43
4.8543
7.5349
42.413
13.936
13.936
41.844
5.4191
18.291
13.43
17.589
35.526
42.413
17.589
21.005
18.291
17.457
38.06
11.603
12.485
41.156
39.669
19.631
5.9694
8.0287
41.844
5.4191
7.0272
4.8543
9.8776
33.83
4.8543
40.43
13.625
13.43
37.225
12.947
13.43
6.5054
42.413
25.094
12.485
10.745
22.385
8.5091
42.413
19.631
42.485
9.4323
18.291
23.752
18.291
8.9766
12.947
32.177
38.877
21.005
11.603
18.357
7.5349
30.583
35.526
26.414
41.844
5.4191
41.156
5.9694
40.43
12.947
5.0934
39.669
29.043
6.5054
12.947
41.844
5.4191
27.724
38.06
12.485
12.998
19.631
7.0272
33.83
8.0287
12.485
9.8776
41.156
19.631
5.9694
25.094
10.745
22.385
37.225
32.177
8.5091
9.4323
21.005
41.844
5.4191
11.603
23.752
41.844
8.9766
5.4191
38.877
19.286
39.669
7.5349
12.485
30.583
41.828
12.485
19.631
7.0272
40.43
26.414
19.631
21.005
35.526
6.5054
11.603
29.043
41.156
10.745
27.724
38.06
22.385
5.9694
12.405
41.156
8.0287
40.43
5.9694
9.8776
33.83
38.877
6.5054
37.225
25.094
7.5349
8.5091
9.4323
23.752
8.9766
32.177
39.669
5.8078
21.005
11.603
41.156
5.9694
41.156
7.0272
38.06
5.9694
21.005
11.603
30.583
8.0287
35.526
10.745
41.13
9.8776
26.414
22.385
40.43
39.669
6.5054
37.225
29.043
7.0272
40.43
11.837
27.724
8.5091
38.877
9.4323
6.5054
33.83
23.752
8.9766
21.005
10.745
22.385
11.603
7.5349
21.005
11.603
25.094
32.177
38.877
35.526
40.43
38.06
40.43
39.669
6.5054
7.5349
21.193
6.5054
8.0287
9.8776
7.0272
30.583
39.669
40.392
6.4987
26.414
33.83
37.225
7.0272
38.06
10.745
8.5091
22.385
9.4323
29.043
25.094
27.724
23.752
8.9766
8.0287
10.745
9.8776
22.385
32.177
38.877
39.669
37.225
39.669
8.5091
9.4323
38.877
7.5349
35.526
7.0272
23.752
8.9766
30.583
7.0272
26.414
39.618
7.5349
10.745
22.385
10.745
38.06
29.043
22.385
27.724
33.83
35.526
8.0287
7.1661
38.06
10.734
9.8776
38.877
38.877
25.094
8.0287
37.225
9.8776
7.5349
32.177
7.5349
8.5091
9.4323
33.83
38.814
23.752
8.9766
37.225
8.5091
9.4323
25.094
38.06
23.752
8.9766
30.583
38.06
26.414
32.177
8.0287
10.179
35.526
8.0287
7.8104
23.108
9.8776
9.8776
29.043
37.984
27.724
35.526
37.225
37.225
30.583
8.5091
9.4323
8.5091
26.414
9.4323
23.752
8.9766
33.83
23.752
8.9766
9.614
8.4323
29.043
27.724
33.83
25.094
9.0328
32.177
35.526
25.094
36.268
35.526
24.052
32.177
30.583
33.83
26.414
33.83
34.533
30.583
25.094
29.043
26.414
25.094
27.724
32.177
24.984
29.043
32.177
27.724
32.828
30.583
30.583
26.414
26.414
31.179
29.043
27.724
29.043
27.724
26.522
29.592
28.048
